=== DAT obj ===
Name:
    Data/saved.txt
Dimension:
    20 x 2
Type:
    KMC
Axis:
	[Dim1]
	[Dim2]
Data:
	[-1.28581744291666, -1.485069698815108]
	[-1.39894127583077, -1.334386740036894]
	[-1.664922554416523, -1.196034373078842]
	[-1.640167364073108, -1.288867067686732]
	[-1.794496871849245, -1.759891556648368]
	[-1.9603690477044, -1.052871346439291]
	[-1.651663166251504, -1.860450202455809]
	[-1.833998459941657, -1.803831042692104]
	[-1.444856851900423, -1.337960864895551]
	[-1.588210059195235, -1.972106686652382]
	[2.285390949343014, 2.432880687087818]
	[2.503449922052147, 2.897950670725669]
	[2.125036550197874, 2.696986778067817]
	[2.010526187797301, 2.435706254283585]
	[2.43004115849619, 2.279352456417095]
	[2.511574228271736, 2.198224870835239]
	[2.839642696514251, 2.11856546624962]
	[2.254832551477528, 2.538676410179029]
	[2.728719132574596, 2.120192973188536]
	[2.487341792171951, 2.948254976688496]
ClusterCount:
	2
Centroids:
	[-1.6263443094079524, -1.509146957940108]
	[2.417655516889659, 2.4666791543722906]
Clusters:
	[0, 0, 0, 0, 0, 0, 0, 0, 0, 0, 1, 1, 1, 1, 1, 1, 1, 1, 1, 1]
=== DAT end ===
=== DAT obj ===
Name:
    No name
Dimension:
    20 x 2
Type:
    KMC
Axis:
	[Dim1]
	[Dim2]
Data:
	[-1.28581744291666, -1.485069698815108]
	[-1.39894127583077, -1.334386740036894]
	[-1.664922554416523, -1.196034373078842]
	[-1.640167364073108, -1.288867067686732]
	[-1.794496871849245, -1.759891556648368]
	[-1.9603690477044, -1.052871346439291]
	[-1.651663166251504, -1.860450202455809]
	[-1.833998459941657, -1.803831042692104]
	[-1.444856851900423, -1.337960864895551]
	[-1.588210059195235, -1.972106686652382]
	[2.285390949343014, 2.432880687087818]
	[2.503449922052147, 2.897950670725669]
	[2.125036550197874, 2.696986778067817]
	[2.010526187797301, 2.435706254283585]
	[2.43004115849619, 2.279352456417095]
	[2.511574228271736, 2.198224870835239]
	[2.839642696514251, 2.11856546624962]
	[2.254832551477528, 2.538676410179029]
	[2.728719132574596, 2.120192973188536]
	[2.487341792171951, 2.948254976688496]
ClusterCount:
	2
Centroids:
	[-1.6263443094079524, -1.509146957940108]
	[2.417655516889659, 2.4666791543722906]
Clusters:
	[0, 0, 0, 0, 0, 0, 0, 0, 0, 0, 1, 1, 1, 1, 1, 1, 1, 1, 1, 1]
=== DAT end ===

